$ANSIBLE_VAULT;1.1;AES256
32623461656237643665326639346663396565383034373432346536396330353231616133393934
6130613961636264616665623530386530326230323663380a333864346265633633396166336161
64633238373763613531363539663564323737396537346266666561353736313365303734613036
3130666230613834380a633335646533353362393036666531373639613035383865616362356365
38316638613365666132363834663938353535376135613031616533313161656535316562613933
34393133656364356265656261653033643665623861396133653262356163343836313463643634
64393938326632623366396636353037336261383832393465303533313436316563663438376438
33393031643835356465383064613136356166386532623735383338383035623436666163396136
33666132323366656135346230346437356362366364656565346664663534646135393437643761
30633437633038303733343163356339613062376330623361336534393763323132366134663536
31613736393862396362393934353663306231393735646639313766626530613261346661623063
39316561316364383564303138353462313833316635616134643561393630376363316537363530
33313734623836333862366263366266613631326261333431656536666334316130306633336332
38353564643265653534333930653265616432303338386337313964663237613062386361666333
39353637343565353661653133333133643733633135646532313937363332363164376230313833
31333064343330326238376233643938313439366537356361613837313430636438636365316433
34643434333464626433373030353337633863386165306336336563366130653639383039316332
38326666656365626539316234346238646133643439613539623533633138383364383239353938
30356239656237346562623231336664663538316562656661623137646632613239363666656666
33316233663036316139346566643634356161653662306530396633663239306132393064666635
64646266386630653533386463313635336430366432356637666433346434356466343430653838
30326438656134326166326135656130363239663666313036383039653765666335343336343166
66393437643961623235346165343239313731613139396137373764313465333434343864663437
63653030303262386439386434623937316339613734616238353634396436633334383763336636
3463
